function [v,id]] = data()
%UNTITLED3 Summary of this function goes here
%   Detailed explanation goes here
i = [0.00E+00	,
0.00E+00	,
0.00E+00	,
0.00E+00	,
0.00E+00	,
0.00E+00	,
0.00E+00	,
0.00E+00	,
0.00E+00	,
0.00E+00	,
0.00E+00	,
0.00E+00	,
0.00E+00	,
0.00E+00	,
0.00E+00	,
0.00E+00	,
0.00E+00	,
0.00E+00	,
0.00E+00	,
0.00E+00	,
0.00E+00	,
0.00E+00	,
0.00E+00	,
0.00E+00	,
0.00E+00	,
0.00E+00	,
0.00E+00	,
0.00E+00	,
0.00E+00	,
0.00E+00	,
0.00E+00	,
0.00E+00	,
0.00E+00	,
0.00E+00	,
0.00E+00	,
0.00E+00	,
0.00E+00	,
0.00E+00	,
0.00E+00	,
0.00E+00	,
0.00E+00	,
0.00E+00	,
0.00E+00	,
0.00E+00	,
0.00E+00	,
0.00E+00	,
0.00E+00	,
0.00E+00	,
0.00E+00	,
0.00E+00	,
0.00E+00	,
0.00E+00	,
0.00E+00	,
0.00E+00	,
0.00E+00	,
0.00E+00	,
0.00E+00	,
0.00E+00	,
0.00E+00	,
0.00E+00	,
0.00E+00	,
0.00E+00	,
0.00E+00	,
0.00E+00	,
0.00E+00	,
0.00E+00	,
0.00E+00	,
0.00E+00	,
0.00E+00	,
0.00E+00	,
0.00E+00	,
0.00E+00	,
0.00E+00	,
0.00E+00	,
0.00E+00	,
0.00E+00	,
0.00E+00	,
0.00E+00	,
0.00E+00	,
0.00E+00	,
0.00E+00	,
0.00E+00	,
0.00E+00	,
0.00E+00	,
0.00E+00	,
0.00E+00	,
0.00E+00	,
0.00E+00	,
0.00E+00	,
0.00E+00	,
0.00E+00	,
0.00E+00	,
0.00E+00	,
0.00E+00	,
0.00E+00	,
0.00E+00	,
0.00E+00	,
0.00E+00	,
0.00E+00	,
0.00E+00	,
0.00E+00	,
0.00E+00	,
0.00E+00	,
0.00E+00	,
0.00E+00	,
0.00E+00	,
0.00E+00	,
0.00E+00	,
0.00E+00	,
0.00E+00	,
0.00E+00	,
0.00E+00	,
0.00E+00	,
0.00E+00	,
0.00E+00	,
0.00E+00	,
0.00E+00	,
0.00E+00	,
0.00E+00	,
0.00E+00	,
0.00E+00	,
0.00E+00	,
0.00E+00	,
0.00E+00	,
0.00E+00	,
0.00E+00	,
0.00E+00	,
0.00E+00	,
0.00E+00	,
0.00E+00	,
0.00E+00	,
0.00E+00	,
0.00E+00	,
0.00E+00	,
0.00E+00	,
0.00E+00	,
0.00E+00	,
0.00E+00	,
0.00E+00	,
0.00E+00	,
0.00E+00	,
0.00E+00	,
0.00E+00	,
0.00E+00	,
0.00E+00	,
0.00E+00	,
0.00E+00	,
0.00E+00	,
0.00E+00	,
0.00E+00	,
0.00E+00	,
0.00E+00	,
0.00E+00	,
0.00E+00	,
0.00E+00	,
0.00E+00	,
0.00E+00	,
0.00E+00	,
0.00E+00	,
0.00E+00	,
0.00E+00	,
0.00E+00	,
0.00E+00	,
0.00E+00	,
0.00E+00	,
0.00E+00	,
0.00E+00	,
0.00E+00	,
0.00E+00	,
0.00E+00	,
0.00E+00	,
0.00E+00	,
0.00E+00	,
0.00E+00	,
0.00E+00	,
0.00E+00	,
0.00E+00	,
0.00E+00	,
0.00E+00	,
0.00E+00	,
0.00E+00	,
0.00E+00	,
0.00E+00	,
0.00E+00	,
0.00E+00	,
0.00E+00	,
0.00E+00	,
0.00E+00	,
0.00E+00	,
0.00E+00	,
0.00E+00	,
0.00E+00	,
0.00E+00	,
0.00E+00	,
0.00E+00	,
0.00E+00	,
0.00E+00	,
0.00E+00	,
0.00E+00	,
0.00E+00	,
0.00E+00	,
0.00E+00	,
0.00E+00	,
0.00E+00	,
0.00E+00	,
0.00E+00	,
0.00E+00	,
0.00E+00	,
0.00E+00	,
0.00E+00	,
0.00E+00	,
0.00E+00	,
0.00E+00	,
0.00E+00	,
0.00E+00	,
0.00E+00	,
0.00E+00	,
0.00E+00	,
0.00E+00	,
0.00E+00	,
0.00E+00	,
0.00E+00	,
0.00E+00	,
0.00E+00	,
0.00E+00	,
0.00E+00	,
0.00E+00	,
0.00E+00	,
0.00E+00	,
0.00E+00	,
0.00E+00	,
0.00E+00	,
0.00E+00	,
0.00E+00	,
0.00E+00	,
0.00E+00	,
0.00E+00	,
0.00E+00	,
0.00E+00	,
0.00E+00	,
0.00E+00	,
0.00E+00	,
0.00E+00	,
0.00E+00	,
0.00E+00	,
0.00E+00	,
0.00E+00	,
0.00E+00	,
0.00E+00	,
0.00E+00	,
0.00E+00	,
0.00E+00	,
0.00E+00	,
0.00E+00	,
0.00E+00	,
0.00E+00	,
0.00E+00	,
0.00E+00	,
0.00E+00	,
0.00E+00	,
0.00E+00	,
0.00E+00	,
0.00E+00	,
0.00E+00	,
0.00E+00	,
0.00E+00	,
0.00E+00	,
0.00E+00	,
0.00E+00	,
0.00E+00	,
0.00E+00	,
0.00E+00	,
0.00E+00	,
0.00E+00	,
0.00E+00	,
0.00E+00	,
0.00E+00	,
0.00E+00	,
0.00E+00	,
0.00E+00	,
0.00E+00	,
0.00E+00	,
0.00E+00	,
0.00E+00	,
0.00E+00	,
0.00E+00	,
0.00E+00	,
0.00E+00	,
0.00E+00	,
0.00E+00	,
0.00E+00	,
0.00E+00	,
0.00E+00	,
0.00E+00	,
0.00E+00	,
0.00E+00	,
0.00E+00	,
0.00E+00	,
0.00E+00	,
0.00E+00	,
0.00E+00	,
0.00E+00	,
0.00E+00	,
0.00E+00	,
0.00E+00	,
0.00E+00	,
0.00E+00	,
0.00E+00	,
0.00E+00	,
0.00E+00	,
0.00E+00	,
0.00E+00	,
0.00E+00	,
0.00E+00	,
0.00E+00	,
0.00E+00	,
0.00E+00	,
0.00E+00	,
0.00E+00	,
0.00E+00	,
0.00E+00	,
0.00E+00	,
0.00E+00	,
0.00E+00	,
0.00E+00	,
0.00E+00	,
0.00E+00	,
0.00E+00	,
0.00E+00	,
0.00E+00	,
0.00E+00	,
0.00E+00	,
0.00E+00	,
0.00E+00	,
0.00E+00	,
0.00E+00	,
0.00E+00	,
0.00E+00	,
0.00E+00	,
0.00E+00	,
0.00E+00	,
0.00E+00	,
0.00E+00	,
0.00E+00	,
0.00E+00	,
0.00E+00	,
0.00E+00	,
0.00E+00	,
0.00E+00	,
0.00E+00	,
0.00E+00	,
0.00E+00	,
0.00E+00	,
0.00E+00	,
0.00E+00	,
0.00E+00	,
0.00E+00	,
0.00E+00	,
0.00E+00	,
0.00E+00	,
0.00E+00	,
0.00E+00	,
0.00E+00	,
0.00E+00	,
0.00E+00	,
0.00E+00	,
0.00E+00	,
0.00E+00	,
0.00E+00	,
0.00E+00	,
0.00E+00	,
0.00E+00	,
0.00E+00	,
0.00E+00	,
0.00E+00	,
0.00E+00	,
0.00E+00	,
0.00E+00	,
0.00E+00	,
0.00E+00	,
0.00E+00	,
0.00E+00	,
0.00E+00	,
0.00E+00	,
0.00E+00	,
0.00E+00	,
0.00E+00	,
0.00E+00	,
0.00E+00	,
0.00E+00	,
0.00E+00	,
0.00E+00	,
0.00E+00	,
0.00E+00	,
0.00E+00	,
0.00E+00	,
0.00E+00	,
0.00E+00	,
0.00E+00	,
0.00E+00	,
0.00E+00	,
1.21E-10	,
4.83E-10	,
1.09E-09	,
1.93E-09	,
3.02E-09	,
4.35E-09	,
5.92E-09	,
7.73E-09	,
9.79E-09	,
1.21E-08	,
1.46E-08	,
1.74E-08	,
2.04E-08	,
2.37E-08	,
2.72E-08	,
3.09E-08	,
3.49E-08	,
3.91E-08	,
4.36E-08	,
4.83E-08	,
5.33E-08	,
5.85E-08	,
6.39E-08	,
6.96E-08	,
7.55E-08	,
8.17E-08	,
8.81E-08	,
9.47E-08	,
1.02E-07	,
1.09E-07	,
1.16E-07	,
1.24E-07	,
1.32E-07	,
1.40E-07	,
1.48E-07	,
1.57E-07	,
1.65E-07	,
1.74E-07	,
1.84E-07	,
1.93E-07	,
2.03E-07	,
2.13E-07	,
2.23E-07	,
2.34E-07	,
2.45E-07	,
2.56E-07	,
2.67E-07	,
2.78E-07	,
2.90E-07	,
3.02E-07	,
3.14E-07	,
3.27E-07	,
3.39E-07	,
3.52E-07	,
3.65E-07	,
3.79E-07	,
3.92E-07	,
4.06E-07	,
4.21E-07	,
4.35E-07	,
4.50E-07	,
4.64E-07	,
4.79E-07	,
4.95E-07	,
5.10E-07	,
5.26E-07	,
5.42E-07	,
5.59E-07	,
5.75E-07	,
5.92E-07	,
6.09E-07	,
6.26E-07	,
6.44E-07	,
6.62E-07	,
6.80E-07	,
6.98E-07	,
7.16E-07	,
7.35E-07	,
7.54E-07	,
7.73E-07	,
7.93E-07	,
8.12E-07	,
8.32E-07	,
8.52E-07	,
8.73E-07	,
8.93E-07	,
9.14E-07	,
9.35E-07	,
9.57E-07	,
9.79E-07	,
1.00E-06	,
1.02E-06	,
1.04E-06	,
1.07E-06	,
1.09E-06	,
1.11E-06	,
1.14E-06	,
1.16E-06	,
1.18E-06	,
1.21E-06	,
1.23E-06	,
1.26E-06	,
1.28E-06	,
1.31E-06	,
1.33E-06	,
1.36E-06	,
1.38E-06	,
1.41E-06	,
1.44E-06	,
1.46E-06	,
1.49E-06	,
1.52E-06	,
1.54E-06	,
1.57E-06	,
1.60E-06	,
1.63E-06	,
1.65E-06	,
1.68E-06	,
1.71E-06	,
1.74E-06	,
1.77E-06	,
1.80E-06	,
1.83E-06	,
1.86E-06	,
1.89E-06	,
1.92E-06	,
1.95E-06	,
1.98E-06	,
2.01E-06	,
2.04E-06	,
2.07E-06	,
2.10E-06	,
2.14E-06	,
2.17E-06	,
2.20E-06	,
2.23E-06	,
2.27E-06	,
2.30E-06	,
2.33E-06	,
2.37E-06	,
2.40E-06	,
2.44E-06	,
2.47E-06	,
2.50E-06	,
2.54E-06	,
2.58E-06	,
2.61E-06	,
2.65E-06	,
2.68E-06	,
2.72E-06	,
2.75E-06	,
2.79E-06	,
2.83E-06	,
2.86E-06	,
2.90E-06	,
2.94E-06	,
2.98E-06	,
3.02E-06	,
3.05E-06	,
3.09E-06	,
3.13E-06	,
3.17E-06	,
3.21E-06	,
3.25E-06	,
3.29E-06	,
3.33E-06	,
3.37E-06	,
3.41E-06	,
3.45E-06	,
3.49E-06	,
3.53E-06	,
3.57E-06	,
3.62E-06	,
3.66E-06	,
3.70E-06	,
3.74E-06	,
3.78E-06	,
3.83E-06	,
3.87E-06	,
3.91E-06	,
3.96E-06	,
4.00E-06	,
4.05E-06	,
4.09E-06	,
4.13E-06	,
4.18E-06	,
4.22E-06	,
4.27E-06	,
4.32E-06	,
4.36E-06	,
4.41E-06	,
4.45E-06	,
4.50E-06	,
4.55E-06	,
4.59E-06	,
4.64E-06	,
4.69E-06	,
4.74E-06	,
4.78E-06	,
4.83E-06	,
4.88E-06	,
4.93E-06	,
4.98E-06	,
5.03E-06	,
5.08E-06	,
5.13E-06	,
5.18E-06	,
5.23E-06	,
5.28E-06	,
5.33E-06	,
5.38E-06	,
5.43E-06	,
5.48E-06	,
5.53E-06	,
5.58E-06	,
5.64E-06	,
5.69E-06	,
5.74E-06	,
5.79E-06	,
5.85E-06	,
5.90E-06	,
5.95E-06	,
6.01E-06	,
6.06E-06	,
6.12E-06	,
6.17E-06	,
6.22E-06	,
6.28E-06	,
6.34E-06	,
6.39E-06	,
6.45E-06	,
6.50E-06	,
6.56E-06	,
6.61E-06	,
6.67E-06	,
6.73E-06	,
6.79E-06	,
6.84E-06	,
6.90E-06	,
6.96E-06	,
7.02E-06	,
7.07E-06	,
7.13E-06	,
7.19E-06	,
7.25E-06	,
7.31E-06	,
7.37E-06	,
7.43E-06	,
7.49E-06	,
7.55E-06	,
7.61E-06	,
7.67E-06	,
7.73E-06	,
7.79E-06	,
7.86E-06	,
7.92E-06	,
7.98E-06	,
8.04E-06	,
8.10E-06	,
8.17E-06	,
8.23E-06	,
8.29E-06	,
8.36E-06	,
8.42E-06	,
8.48E-06	,
8.55E-06	,
8.61E-06	,
8.68E-06	,
8.74E-06	,
8.81E-06	,
8.87E-06	,
8.94E-06	,
9.00E-06	,
9.07E-06	,
9.14E-06	,
9.20E-06	,
9.27E-06	,
9.34E-06	,
9.40E-06	,
9.47E-06	,
9.54E-06	,
9.61E-06	,
9.67E-06	,
9.74E-06	,
9.81E-06	,
9.88E-06	,
9.95E-06	,
1.00E-05	,
1.01E-05	,
1.02E-05	,
1.02E-05	,
1.03E-05	,
1.04E-05	,
1.04E-05	,
1.05E-05	,
1.06E-05	,
1.07E-05	,
1.07E-05	,
1.08E-05	,
1.09E-05	,
1.09E-05	,
1.10E-05	,
1.11E-05	,
1.12E-05	,
1.12E-05	,
1.13E-05	,
1.14E-05	,
1.15E-05	,
1.15E-05	,
1.16E-05	,
1.17E-05	,
1.18E-05	,
1.18E-05	,
1.19E-05	,
1.20E-05	,
1.21E-05	,
