function [t_16,v_16,t_17,v_17,t_18,v_18,t_19,v_19] = data_er()
t_16 = [1.26E-07	,
3.31E-07	,
3.72E-07	,
4.51E-07	,
5.37E-07	,
7.45E-07	,
8.87E-07	,
0.000001096463562	,
0.000001382163243	,
0.00000256404854	,
0.000003845808748	,
0.000004575978632	,
0.000005551174401	,
0.0000069976144	,
0.000008326189905	,
0.00001513470349	,
0.00001666122767	,
0.00003026528658	,
0.00003269024687	,
0.00003530950343	,
0.00003742013475	,
0.00004120817069	,
0.00007342036654	,
0.00008398735069	,
0.00007927660648	,
0.0001437667021	,
0.0001676718759	,
0.0002813262514	,
0.000297943684	,
0.000315437412	,
0.0003471373762	,
0.0003820230365	,
0.0004204145402	,
0.0006649351745	,
0.0007039767643	,
0.0007453106764	,
0.0008042221539	,
0.0009726862072	,
0.001154276384	,
0.00126942829	,
0.001422873227	,
0.00159539839	,
0.001688508536	,
0.002568329708	,
0.002879742904	,
0.003226761343	,
0.003903988027	,
0.006409727824	,
0.006918679057	,
0.007465551145	,
0.008058337854	,
0.01200628868	,
0.01345757523	,
0.01479024492	,
0.0159539839	,
0.01271123649	,
0.0252078618	,
0.02720944014	,
0.02880703919	,
0.03231070778	,
0.0369363513	,
0.06068410019	,
0.0680648301	,
0.07485505389	]
v_16 = [4.018548037
,	3.905086219
,	3.888711781
,	3.872916969
,	3.839733372
,	3.824952905
,	3.791769309
,	3.776119403
,	3.743370526
,	3.679032024
,	3.630343428
,	3.61440371
,	3.598608897
,	3.56586002
,	3.549920301
,	3.43370526
,	3.399942037
,	3.249239241
,	3.232574989
,	3.215910738
,	3.216345457
,	3.199826112
,	3.048978409
,	2.998261122
,	3.01507028
,	2.778148094
,	2.727575714
,	2.472830025
,	2.438776989
,	2.387480075
,	2.336472975
,	2.285465875
,	2.234458774
,	1.927546732
,	1.876249819
,	1.824952905
,	1.756557021
,	1.585567309
,	1.431676569
,	1.346181713
,	1.243587886
,	1.158237937
,	1.089697145
,	0.7652514128
,	0.6799014636
,	0.5600637589
,	0.4063179249
,	0.03072018548
,	-0.02043182148
,	-0.08882770613
,	-0.1399797131
,	-0.5335458629
,	-0.6361396899
,	-0.7561223011
,	-0.8417620635
,	-0.5848427764
,	-1.200405738
,	-1.251557745
,	-1.302854659
,	-1.37096073
,	-1.456165773
,	-1.797275757
,	-1.865381829
,	-1.950876685]

t_17 = [1.29E-07	,
4.80E-07	,
5.44E-07	,
6.29E-07	,
7.44E-07	,
8.43E-07	,
0.000001105959643	,
0.00000142065013	,
0.000001824882857	,
0.000002295577388	,
0.000002712986823	,
0.000003633936704	,
0.000005290529524	,
0.000006795900291	,
0.000008031612453	,
0.00001532569718	,
0.00001736291509	,
0.00003042218441	,
0.00003592552202	,
0.00004242440699	,
0.00003305300716	,
0.00003985791528	,
0.00007264989508	,
0.00007729736074	,
0.0000805384803	,
0.00008569058439	,
0.0001465675188	,
0.000159242255	,
0.0001729447471	,
0.0002837930237	,
0.0003082128717	,
0.0003346018223	,
0.0003633936704	,
0.0004028522537	,
0.0004284537469	,
0.0006729128685	,
0.0007008516047	,
0.000776645776	,
0.0008260020631	,
0.0008963696337	,
0.0009933082625	,
0.001123126867	,
0.001269911877	,
0.001406691849	,
0.001558819692	,
0.001657228923	,
0.001762546777	,
0.002547856459	,
0.002654689439	,
0.002823396485	,
0.00300282496	,
0.003258637272	,
0.00346572555	,
0.003685974408	,
0.003920220209	,
0.004169352465	,
0.006412576956	,
0.006961616897	,
0.007557665218	,
0.008378303515	,
0.01317944385	,
0.01402254228	,
0.01491368293	,
0.01586772188	,
0.02603807774	,
0.02948762495	,
0.03202497879	,
0.03551639002	,
0.03858774498	,
0.06610588705	,
0.07331285002	]
v_17 = [,	4.132075472
,	3.886792453
,	3.867924528
,	3.849056604
,	3.830188679
,	3.811320755
,	3.773584906
,	3.735849057
,	3.698113208
,	3.660377358
,	3.641509434
,	3.603773585
,	3.547169811
,	3.509433962
,	3.490566038
,	3.358490566
,	3.320754717
,	3.113207547
,	3.056603774
,	3
,	3.075471698
,	3.018867925
,	2.698113208
,	2.660377358
,	2.622641509
,	2.58490566
,	2.226415094
,	2.188679245
,	2.132075472
,	1.79245283
,	1.735849057
,	1.660377358
,	1.603773585
,	1.528301887
,	1.471698113
,	1.037735849
,	0.9811320755
,	0.8867924528
,	0.8301886792
,	0.7358490566
,	0.641509434
,	0.5094339623
,	0.3773584906
,	0.2641509434
,	0.1698113208
,	0.09433962264
,	0.03773584906
,	-0.358490566
,	-0.3962264151
,	-0.4528301887
,	-0.5094339623
,	-0.6037735849
,	-0.6603773585
,	-0.7169811321
,	-0.7735849057
,	-0.8301886792
,	-1.264150943
,	-1.339622642
,	-1.41509434
,	-1.490566038
,	-1.849056604
,	-1.886792453
,	-1.943396226
,	-1.981132075
,	-2.320754717
,	-2.377358491
,	-2.433962264
,	-2.490566038
,	-2.528301887
,	-2.811320755
,	-2.867924528]

t_18 = [9.41E-08	,
3.60E-07	,
4.12E-07	,
4.91E-07	,
6.32E-07	,
7.53E-07	,
9.32E-07	,
0.000001110593338	,
0.00000134905905	,
0.000001670745179	,
0.000002029486246	,
0.000002562528656	,
0.000003112752756	,
0.000003854995569	,
0.000004503452939	,
0.000005577311303	,
0.000006390624057	,
0.00001145825239	,
0.00001287755481	,
0.00002182406137	,
0.00002406548747	,
0.00002759357063	,
0.00003164962499	,
0.00003421975286	,
0.00005584889635	,
0.00006158482111	,
0.0000679098503	,
0.0001087832409	,
0.0001199964808	,
0.0001298289858	,
0.0001404194902	,
0.0002208490487	,
0.0002436966037	,
0.0002637546099	,
0.0002910408852	,
0.0003212590522	,
0.0003615431238	,
0.0005694006475	,
0.0006287337232	,
0.000707573383	,
0.0007965694518	,
0.0008624256349	,
0.001009550311	,
0.001093014634	,
0.001230072499	,
0.001358249355	,
0.001469544232	,
0.002266978713	,
0.002501505061	,
0.002707397155	,
0.002986472255	,
0.003169262983	,
0.003427788407	,
0.005826973182	,
0.00655541702	,
0.00618152152	,
0.007092567526	,
0.01157946871	,
0.01252828973	,
0.01437473615	,
0.02583491209	,
0.03020115751	,
0.03395361647	,
0.05971147393	,
0.06453846983	]
v_18 = [4.105263158
,	3.824561404
,	3.789473684
,	3.736842105
,	3.684210526
,	3.631578947
,	3.578947368
,	3.543859649
,	3.49122807
,	3.438596491
,	3.385964912
,	3.333333333
,	3.280701754
,	3.228070175
,	3.192982456
,	3.140350877
,	3.105263158
,	2.929824561
,	2.894736842
,	2.631578947
,	2.578947368
,	2.50877193
,	2.421052632
,	2.385964912
,	2.070175439
,	2.01754386
,	1.964912281
,	1.614035088
,	1.543859649
,	1.473684211
,	1.421052632
,	1.01754386
,	0.9298245614
,	0.8421052632
,	0.7543859649
,	0.649122807
,	0.5438596491
,	0.0701754386
,	-0.05263157895
,	-0.1578947368
,	-0.2807017544
,	-0.3859649123
,	-0.5263157895
,	-0.6315789474
,	-0.7368421053
,	-0.8596491228
,	-0.9298245614
,	-1.333333333
,	-1.421052632
,	-1.50877193
,	-1.578947368
,	-1.649122807
,	-1.701754386
,	-2.122807018
,	-2.210526316
,	-2.175438596
,	-2.280701754
,	-2.614035088
,	-2.684210526
,	-2.789473684
,	-3.087719298
,	-3.157894737
,	-3.210526316
,	-3.385964912
,	-3.403508772]
t_19 = [1.90E-07	,
2.14E-07	,
2.65E-07	,
3.29E-07	,
4.08E-07	,
5.36E-07	,
6.64E-07	,
8.07E-07	,
0.000001	,
0.000001168951816	,
0.000001366448349	,
0.000001628787421	,
0.000002018760255	,
0.00000255140652	,
0.000003352924149	,
0.000004237587161	,
0.00000525217252	,
0.00000650967523	,
0.000007462448654	,
0.00001288752413	,
0.00001420830833	,
0.00001566445373	,
0.0000255140652	,
0.00002812888661	,
0.00003101168927	,
0.00003352924149	,
0.00003696550215	,
0.00003843667068	,
0.00006383880455	,
0.00006902128665	,
0.00007462448654	,
0.0000806825584	,
0.0001239425249	,
0.0001340042721	,
0.0001420830833	,
0.0001566445373	,
0.0002406334137	,
0.000260168215	,
0.0002868316813	,
0.0003101168927	,
0.0003352924149	,
0.000362511705	,
0.0003919406775	,
0.0006139536607	,
0.000650967523	,
0.0006902128665	,
0.0007609496685	,
0.0008389359663	,
0.0009070414181	,
0.001	,
0.001146362666	,
0.001314147363	,
0.001393374302	,
0.001477377653	,
0.001628787421	,
0.00250210243	,
0.002758531618	,
0.003101168927	,
0.003352924149	,
0.003696550215	,
0.003919406775	,
0.006383880455	,
0.007038135555	,
0.007759442308	,
0.01288752413	,
0.01393374302	,
0.01536174947	,
0.02705224985	,
0.02924837181	,
0.0316227766	,
0.03418993736	,
0.0362511705	,
0.06383880455	,
0.06768750009	,
0.07038135555	,
0.07318242219	]
