function [X_16,Y_16,X_17,Y_17,X_18,Y_18,X_19,Y_19] = data()
X_16 = [2.35E-08	,
3.11E-08	,
4.05E-08	,
5.36E-08	,
6.97E-08	,
8.93E-08	,
1.02E-07	,
1.30E-07	,
1.46E-07	,
1.78E-07	,
2.21E-07	,
2.69E-07	,
3.34E-07	,
3.80E-07	,
4.87E-07	,
5.84E-07	,
6.66E-07	,
7.35E-07	,
1.05695E-06	,
1.30907E-06	,
1.70371E-06	,
2.11119E-06	,
2.74872E-06	,
3.13457E-06	,
3.82095E-06	,
5.67753E-06	,
7.1511E-06	,
9.00829E-06	,
1.15389E-05	,
1.40674E-05	,
1.71455E-05	,
2.02188E-05	,
2.50578E-05	,
3.05448E-05	,
3.78454E-05	,
4.68969E-05	,
6.20865E-05	,
7.56816E-05	,
0.000120159	,
0.000137132	,
0.000172814	,
0.000200494	,
0.000248511	,
0.000302968	,
0.000369357	,
0.000488988	,
0.000616222	,
0.000751351	,
0.000886374	];
Y_16 = [-2.234375
,	-2.03125
,	-1.859375
,	-1.640625
,	-1.4375
,	-1.296875
,	-1.171875
,	-1.03125
,	-0.921875
,	-0.765625
,	-0.671875
,	-0.515625
,	-0.40625
,	-0.3125
,	-0.125
,	-0.03125
,	0.0625
,	0.140625
,	0.328125
,	0.5
,	0.6875
,	0.796875
,	0.9375
,	1.078125
,	1.171875
,	1.359375
,	1.5
,	1.625
,	1.734375
,	1.8125
,	1.921875
,	2.015625
,	2.109375
,	2.203125
,	2.328125
,	2.4375
,	2.5625
,	2.65625
,	2.84375
,	2.890625
,	2.96875
,	3.03125
,	3.109375
,	3.1875
,	3.265625
,	3.390625
,	3.46875
,	3.53125
,	3.578125]


X_17 = [1.46E-08	,
1.61E-08	,
1.75E-08	,
1.87E-08	,
2.00E-08	,
2.13E-08	,
2.28E-08	,
2.47E-08	,
2.68E-08	,
2.82E-08	,
3.01E-08	,
3.27E-08	,
3.61E-08	,
3.92E-08	,
4.25E-08	,
4.69E-08	,
5.09E-08	,
5.53E-08	,
6.01E-08	,
6.31E-08	,
6.85E-08	,
7.32E-08	,
7.94E-08	,
1.22E-07	,
1.32E-07	,
1.44E-07	,
1.58E-07	,
1.75E-07	,
1.93E-07	,
2.10E-07	,
2.28E-07	,
2.47E-07	,
2.68E-07	,
2.87E-07	,
3.11E-07	,
3.32E-07	,
3.67E-07	,
3.98E-07	,
4.93E-07	,
6.21E-07	,
6.63E-07	,
7.20E-07	,
7.69E-07	,
8.21E-07	,
1.23839E-06	,
1.36683E-06	,
1.45977E-06	,
1.61118E-06	,
1.72074E-06	,
1.83775E-06	,
1.99526E-06	,
2.16628E-06	,
2.4306E-06	,
2.63893E-06	,
2.96093E-06	,
3.26803E-06	,
3.54813E-06	,
3.91613E-06	,
6.1054E-06	,
6.41421E-06	,
6.73863E-06	,
7.07946E-06	,
7.43753E-06	,
8.07501E-06	,
1.23839E-05	,
1.30103E-05	,
1.3895E-05	,
1.45977E-05	,
1.55904E-05	,
1.66505E-05	,
1.74927E-05	,
1.8992E-05	,
2.09618E-05	,
2.31359E-05	,
2.51189E-05	,
2.72718E-05	,
3.01003E-05	,
3.26803E-05	,
3.54813E-05	,
3.98107E-05	,
6.20665E-05	,
6.6287E-05	,
7.3162E-05	,
7.81371E-05	,
0.000121819	,
0.00012798	,
0.000134453	,
0.000141254	,
0.000150859	,
0.000161118	,
0.000172074	,
0.000183775	,
0.000199526	,
0.000216628	,
0.000235195	,
0.000251189	,
0.00026827	,
0.000286512	,
0.000311069	,
0.000337731	,
0.000378941	,
0.00061054	,
0.000652057	,
0.000707946	,
0.000768625	];
Y_17 = [-2.515625
,	-2.4375
,	-2.375
,	-2.3125
,	-2.265625
,	-2.203125
,	-2.140625
,	-2.078125
,	-2.015625
,	-1.9375
,	-1.90625
,	-1.84375
,	-1.765625
,	-1.6875
,	-1.609375
,	-1.53125
,	-1.46875
,	-1.390625
,	-1.328125
,	-1.265625
,	-1.21875
,	-1.15625
,	-1.078125
,	-0.734375
,	-0.671875
,	-0.609375
,	-0.53125
,	-0.453125
,	-0.375
,	-0.296875
,	-0.234375
,	-0.171875
,	-0.109375
,	-0.046875
,	0.015625
,	0.078125
,	0.140625
,	0.203125
,	0.40625
,	0.53125
,	0.578125
,	0.640625
,	0.703125
,	0.734375
,	1.03125
,	1.0625
,	1.109375
,	1.15625
,	1.203125
,	1.234375
,	1.28125
,	1.328125
,	1.390625
,	1.453125
,	1.515625
,	1.5625
,	1.609375
,	1.671875
,	1.921875
,	1.953125
,	1.984375
,	2.015625
,	2.0625
,	2.125
,	2.375
,	2.40625
,	2.4375
,	2.453125
,	2.484375
,	2.515625
,	2.546875
,	2.59375
,	2.625
,	2.6875
,	2.734375
,	2.78125
,	2.828125
,	2.859375
,	2.90625
,	2.96875
,	3.15625
,	3.1875
,	3.21875
,	3.25
,	3.453125
,	3.484375
,	3.5
,	3.515625
,	3.546875
,	3.578125
,	3.609375
,	3.625
,	3.65625
,	3.6875
,	3.75
,	3.765625
,	3.796875
,	3.828125
,	3.859375
,	3.90625
,	3.9375
,	4.140625
,	4.171875
,	4.1875
,	4.203125]
X_18 = [1.24E-08	,
1.35E-08	,
1.48E-08	,
1.65E-08	,
1.87E-08	,
2.12E-08	,
2.40E-08	,
2.72E-08	,
3.08E-08	,
3.55E-08	,
4.10E-08	,
4.73E-08	,
5.26E-08	,
5.65E-08	,
6.18E-08	,
7.00E-08	,
7.38E-08	,
8.07E-08	,
8.37E-08	,
1.20E-07	,
1.28E-07	,
1.38E-07	,
1.53E-07	,
1.68E-07	,
1.83E-07	,
2.04E-07	,
2.31E-07	,
2.62E-07	,
2.97E-07	,
3.31E-07	,
3.68E-07	,
4.10E-07	,
6.18E-07	,
6.52E-07	,
7.00E-07	,
7.52E-07	,
8.07E-07	,
1.30701E-06	,
1.40374E-06	,
1.53478E-06	,
1.67806E-06	,
1.86775E-06	,
2.0421E-06	,
2.27295E-06	,
2.52988E-06	,
2.81587E-06	,
3.02427E-06	,
3.36614E-06	,
3.74665E-06	,
4.09641E-06	,
6.28709E-06	,
6.874E-06	,
7.51569E-06	,
8.36528E-06	,
1.28389E-05	,
1.53478E-05	,
1.70828E-05	,
2.0421E-05	,
2.44116E-05	,
2.97076E-05	,
3.5513E-05	,
4.02394E-05	,
6.51559E-05	,
6.9978E-05	,
7.65105E-05	,
7.92912E-05	,
0.000128389	,
0.000137891	,
0.000150763	,
0.000161921	,
0.000177036	,
0.000190138	,
0.000207888	,
0.000235555	,
0.000252988	,
0.000286658	,
0.000313418	,
0.000342676	,
0.000368037	,
0.000402394	,
0.000640032	,
0.000675239	,
0.000712382	,
0.000751569	,
0.000792912	]
Y_18 = [	-2.504201681
,	-2.403361345
,	-2.319327731
,	-2.201680672
,	-2.067226891
,	-1.949579832
,	-1.81512605
,	-1.697478992
,	-1.56302521
,	-1.411764706
,	-1.277310924
,	-1.12605042
,	-1.008403361
,	-0.941176471
,	-0.840336134
,	-0.722689076
,	-0.655462185
,	-0.588235294
,	-0.537815126
,	-0.201680672
,	-0.151260504
,	-0.084033613
,	0
,	0.084033613
,	0.168067227
,	0.25210084
,	0.352941176
,	0.453781513
,	0.571428571
,	0.672268908
,	0.756302521
,	0.840336134
,	1.142857143
,	1.176470588
,	1.210084034
,	1.260504202
,	1.294117647
,	1.596638655
,	1.647058824
,	1.697478992
,	1.74789916
,	1.781512605
,	1.865546218
,	1.915966387
,	1.983193277
,	2.050420168
,	2.084033613
,	2.151260504
,	2.218487395
,	2.268907563
,	2.521008403
,	2.571428571
,	2.638655462
,	2.705882353
,	2.957983193
,	3.042016807
,	3.075630252
,	3.159663866
,	3.243697479
,	3.327731092
,	3.411764706
,	3.478991597
,	3.697478992
,	3.731092437
,	3.74789916
,	3.781512605
,	4
,	4.033613445
,	4.084033613
,	4.117647059
,	4.151260504
,	4.18487395
,	4.235294118
,	4.268907563
,	4.319327731
,	4.369747899
,	4.403361345
,	4.453781513
,	4.487394958
,	4.537815126
,	4.705882353
,	4.739495798
,	4.739495798
,	4.773109244
,	4.806722689]
X_19 = [1.00E-08	,
1.04E-08	,
1.15E-08	,
1.24E-08	,
1.31E-08	,
1.40E-08	,
1.48E-08	,
1.59E-08	,
1.71E-08	,
1.83E-08	,
1.94E-08	,
2.12E-08	,
2.31E-08	,
2.62E-08	,
2.92E-08	,
3.25E-08	,
3.62E-08	,
4.25E-08	,
4.81E-08	,
5.26E-08	,
5.75E-08	,
6.29E-08	,
7.00E-08	,
7.52E-08	,
8.07E-08	,
8.67E-08	,
1.20E-07	,
1.26E-07	,
1.40E-07	,
1.62E-07	,
1.87E-07	,
2.19E-07	,
2.53E-07	,
2.97E-07	,
3.37E-07	,
3.75E-07	,
4.10E-07	,
6.29E-07	,
7.00E-07	,
7.79E-07	,
8.07E-07	,
1.23886E-06	,
1.35451E-06	,
1.48096E-06	,
1.64837E-06	,
1.86775E-06	,
2.15443E-06	,
2.52988E-06	,
2.86658E-06	,
3.42676E-06	,
3.95275E-06	,
6.17586E-06	,
6.51559E-06	,
6.874E-06	,
7.25212E-06	,
7.65105E-06	,
8.07192E-06	,
1.26117E-05	,
1.35451E-05	,
1.48096E-05	,
1.59056E-05	,
1.73904E-05	,
1.93563E-05	,
2.15443E-05	,
2.31388E-05	,
2.52988E-05	,
2.81587E-05	,
3.24809E-05	,
3.61526E-05	,
4.09641E-05	,
6.40032E-05	,
6.874E-05	,
7.38273E-05	,
8.07192E-05	,
0.000130701	,
0.000142902	,
0.000159056	,
0.000177036	,
0.000197049	,
0.000219324	,
0.000239798	,
0.000262183	,
0.000281587	]
